0,543
54,11
54,10
0,542
0,541
0,540
0,539
0,538
0,537
0,536
0,535
54,9
54,8
48,2
0,534
48,4
46,5
46,4
0,533
0,532
0,243
0,388
0,531
49,5
0,530
0,474
58,35
14,6
14,5
10,267
10,131
10,281
10,213
10,289
10,91
10,127
10,205
11,29
11,7
11,13
11,27
11,23
11,2
11,3
9,5
8,12
8,7
8,5
8,17
12,2
12,1
12,3
54,7
54,6
54,5
54,4
54,3
54,2
54,1
54,0
53,5
53,4
53,3
53,2
53,1
53,0
52,34
52,33
52,32
52,31
52,30
52,29
52,28
52,27
52,26
52,25
52,24
52,23
52,22
52,21
52,20
52,19
52,18
52,17
52,16
52,15
52,14
52,13
52,12
52,11
52,10
52,9
52,8
52,7
52,6
52,5
52,4
52,3
52,2
52,1
52,0
51,4
51,3
51,2
51,1
51,0
50,8
50,7
50,6
50,5
50,4
50,3
50,2
50,1
50,0
49,4
49,3
49,1
48,3
48,1
47,5
47,4
47,3
47,1
46,3
46,1
45,4
45,3
